Age,Sex,Height,Weight,BMI,Obesity_Duration,DM,MET_Syndrome,HTN,HPL,TG,CHOL,HDL,LDL,VLDL,AST,ALT,NAS,Fibrosis,LS_US,LS_Biopsy,Other_Etiology
61.2,2,162.6,127.189,48.13,35,0,1,1,1,141,202,50,124,28,22,14,3,0,1,1,0
40.4,2,165.1,137.757,50.54,23,1,1,1,1,104,213,49,143,21,50,78,6,0,0,1,0
38.5,1,193,217.137,58.27,11,1,1,1,0,87,146,51,78,17,30,35,3,1,1,1,0
65,1,161,131,50.53817368,20,1,1,1,0,116,191,55,113,,21,26,1,0,1,1,0
56.3,2,165.1,124,45.49,22,0,1,1,0,157,134,46,57,31,12,15,1,0,0,1,0
69,2,165.1,117.618,43.15,24,1,1,1,1,165,169,43,93,33,18,19,0,0,0,0,0
60.6,2,160,115.894,45.26,40,1,1,1,1,205,208,41,126,41,14,13,0,0,0,0,0
45,2,160,103.057,40.25,16,0,1,1,0,114,171,36,112,23,22,33,3,0,1,1,0
43.3,2,162.6,154.722,58.55,15,0,0,0,0,97,155,76,60,19,14,9,,0,0,0,0
57.5,1,172.7,114.987,38.54,23,1,1,1,0,90,157,59,80,18,29,28,0,0,0,0,0
59.9,2,170.2,168.421,58.15,40,0,0,1,1,109,243,71,150,22,27,15,0,0,0,0,0
51.1,2,165.1,146.058,53.58,27,1,1,1,1,66,210,59,138,13,21,14,0,0,0,0,0
46.6,2,168.9,121.292,42.51,22,0,0,0,1,102,155,63,72,20,51,53,,0,0,0,0
60.8,1,162.6,91.627,34.67,31,1,1,1,1,207,162,42,79,41,24,22,2,1,1,1,0
56.2,2,165.1,116.438,42.72,27,0,0,1,0,102,192,68,104,20,19,19,6,2,1,1,0
52.8,2,160,83.462,32.59,4,0,0,1,0,40,186,73,105,8,19,27,2,0,1,1,0
50.4,2,163.8,144.879,53.98,33,1,1,1,1,93,138,40,79,19,18,14,0,0,1,0,0
58.1,2,165.1,108,39.62,24,1,1,1,1,154,132,55,46,31,18,18,5,1,1,1,0
52.1,2,175.3,188.969,61.52,23,1,1,1,1,167,152,44,75,33,22,19,0,0,0,0,0
36.8,2,164.5,126.554,46.79,12,1,0,0,0,111,177,47,108,22,16,11,4,0,0,1,0
51.6,2,167.6,131.135,46.66,27,1,1,0,1,181,223,57,130,36,20,16,1,0,1,1,0
60.8,2,161.3,122.108,46.94,16,1,1,1,1,108,186,79,85,22,19,16,1,0,0,1,0
57.3,2,162.6,116.121,43.94,48,0,0,1,0,44,194,78,107,9,19,13,0,0,0,0,0
47.9,2,170.2,139.753,48.25,38,1,1,1,1,190,156,48,70,38,15,22,2,0,1,1,0
51.5,2,162.6,149.687,56.64,30,1,1,1,1,184,175,74,64,37,10,8,0,0,0,0,0
57.5,2,152.4,81.149,34.94,13,1,1,1,0,128,162,47,89,26,23,29,2,0,1,1,0
59.1,2,157.5,161.118,64.97,33,0,1,1,1,215,223,63,117,43,28,28,2,0,1,1,0
26.1,2,162.6,114.17,43.2,9,1,1,0,1,250,123,33,40,50,22,26,4,0,1,1,0
52.6,2,172.7,105.235,35.28,8,1,1,0,1,150,222,43,139,30,13,13,1,0,1,1,0
36.1,2,172.7,101.56,34.04,3,1,1,1,1,221,234,39,151,44,22,20,1,0,1,1,0
56.9,1,188,146.058,41.34,32,1,1,1,0,126,189,46,118,25,22,26,3,0,1,1,0
37.3,1,188,220.539,62.42,18,1,1,1,0,128,175,42,107,26,27,33,6,2,1,1,0
55.8,2,175.3,148.78,48.44,16,1,1,1,1,127,228,53,150,25,114,61,5,3,1,1,0
55.4,2,152.4,104.872,45.15,26,0,1,1,1,157,231,63,137,31,32,25,1,1,1,1,0
37.8,2,167.6,108.773,38.7,13,0,0,0,0,138,215,64,123,28,17,10,3,0,0,1,0
50,1,182.9,127.007,37.97,33,1,1,1,1,119,212,57,131,24,26,26,1,0,1,1,0
51.3,2,170.2,128.776,44.46,34,0,0,1,0,103,173,58,94,21,15,40,2,0,1,1,0
63.4,2,165.1,104.327,38.27,14,1,1,1,1,187,171,33,101,37,36,32,3,1,1,1,0
52.7,2,157.5,107.956,43.53,18,0,0,0,0,46,164,72,83,9,44,43,1,0,0,1,0
58.6,2,172.7,109.045,36.55,14,0,0,0,1,141,243,82,133,28,23,30,0,0,0,0,0
46.4,2,166.4,126.055,45.54,17,1,1,0,1,179,214,45,133,36,30,26,4,2,1,1,0
52,2,162.6,115.214,43.6,34,0,1,1,1,222,239,49,146,44,15,19,1,0,1,1,0
34.6,1,188,146.512,41.47,25,0,0,0,1,175,173,46,92,35,17,18,0,0,0,0,0
63.6,1,185.7,159.893,46.35,29,1,1,1,1,560,184,39,,,27,21,,0,0.5,0.5,
61.8,1,167.6,111.585,39.71,37,1,1,1,0,133,180,77,76,27,21,32,1,0,1,1,0
63,1,180.3,120.974,37.2,47,1,1,1,0,114,134,48,63,23,23,32,2,1,1,1,0
51.6,1,185.4,146.92,42.73,27,1,1,1,0,134,153,40,86,27,21,28,1,1,1,1,0
47,1,174,129,42.60800634,15,1,1,1,1,372,167,32,61,74,19,32,4,2,1,1,0
57.5,1,177.8,158.623,50.18,,0,0,0,0,125,197,48,124,25,24,16,0,0,0,0,0
59.3,2,164.5,128.867,47.64,45,0,0,1,0,101,184,70,94,20,25,25,2,0,1,1,0
47.1,1,175.3,126.554,41.2,23,1,1,1,1,287,225,40,128,57,21,28,1,0,1,1,0
63,2,164.5,130.6,48.26267311,40,1,1,1,1,123,149,39,85,25,29,15,1,0,,1,0
29.2,2,162.6,113.989,43.14,5,0,0,0,0,125,202,75,102,25,27,28,6,2,1,1,0
64,2,167.6,117.164,43.41,23,1,1,1,1,160,181,49,100,32,13,10,1,0,0,1,0
49.9,1,182.9,179.85,53.77,16,0,1,1,0,49,141,41,90,10,23,14,0,0,0,0,0
53.1,2,165.1,143.019,52.47,20,1,1,1,1,90,127,50,59,18,14,16,1,0,0,1,0
66.3,1,177,149.823,47.8,27,0,1,1,1,448,209,42,,,26,30,1,0,1,1,0
64.4,2,163.8,126.1,46.5,32,0,0,0,1,169,207,63,110,34,34,33,,0,1,0,0
44.3,1,193,157.67,42.31,10,0,1,0,1,245,223,38,136,49,24,27,0,0,0,0,0
37.7,2,170.2,131.09,45.26,30,1,1,1,0,121,183,41,118,24,14,10,0,0,,0,0
65.6,2,163.8,148.961,55.5,42,1,1,1,1,187,142,52,53,37,36,30,2,2,1,1,0
32.5,2,165.1,138.347,50.75,3,1,1,1,1,191,161,38,121,,19,19,1,1,1,1,0
28.7,1,170.8,164.293,56.31,20,0,0,1,0,81,176,55,105,16,35,34,2,0,0.5,1,0
48.2,2,161.3,135.898,52.24,40,1,1,0,1,203,206,32,133,41,17,16,0,0,1,0,0
38.4,2,160.3,120.158,46.78,21,0,0,1,1,124,231,60,146,25,16,35,2,0,1,1,0
36.7,2,165.1,126.417,46.38,12,1,0,0,0,128,189,53,110,26,15,13,1,0,1,1,0
32.4,2,156.2,102,41.8,15,0,0,0,0,141,162,36,98,28,27,39,2,0,1,1,0
61.5,1,171.5,125.374,42.65,32,0,1,1,1,156,203,44,128,31,24,22,1,0,1,1,0
34.2,1,169.5,169.5,169.5,11,1,1,1,1,228,201,45,110,46,38,42,,0,,1,0
55,1,170.2,168.7,58.23659454,45,1,1,1,1,223,143,39,59,45,42,34,3,2,1,1,0
62.8,1,166.4,97.206,35.61,20,1,0,0,0,96,171,53,99,19,28,24,2,0,1,1,0
60.2,2,163.8,113.898,42.44,16,1,1,1,1,133,230,59,144,27,34,42,2,0,1,1,0
50.5,2,162.6,105.235,39.82,34,0,0,1,1,77,212,91,106,15,24,21,,0,0,0,0
65.6,2,165,132,48.49,36,1,0,0,0,149,173,50,93,30,10,8,1,0,1,1,0
47.6,2,165.1,111.585,40.94,3,1,1,1,1,,,,,,20,18,0,0,0,0,0
49,1,182.9,139.027,41.57,14,1,1,1,1,202,214,43,131,40,24,38,0,0,1,0,0
40.2,2,157.5,114.805,46.29,11,0,0,0,0,100,146,49,77,20,11,14,2,0,0,1,0
55.5,2,165.1,113.127,41.5,30,1,1,1,0,87,158,84,57,17,35,29,,0,0,0,1
40.9,2,158.8,113.853,45.18,11,1,1,1,1,95,171,43,109,19,16,17,0,0,1,0,0
48.7,2,168.9,110.814,38.84,9,1,1,0,0,72,145,39,92,14,28,31,5,1,1,1,0
51.6,2,165.1,154.268,56.6,30,0,0,1,0,112,177,47,108,22,27,17,1,0,1,1,0
47.4,2,167.6,113.399,40.35,30,0,0,0,1,131,248,53,169,26,21,19,0,0,1,0,0
37.7,1,175.3,144.834,47.15,30,1,1,1,1,187,208,41,130,37,27,28,2,0,1,1,0
37.6,2,152.4,113.309,48.79,25,1,0,0,1,96,227,57,151,19,68,41,3,1,1,1,0
40,1,177.8,134.809,42.64,11,0,0,0,0,48,166,63,93,10,40,52,1,0,1,1,0
60,2,162,106.142,40.44,21,0,0,0,1,159,253,48,173,32,30,30,6,2,1,1,0
27,2,160.7,161.4,62.49881411,20,1,1,0,0,164,178,66,79,33,21,19,2,1,0,1,0
44.8,2,157.5,92.307,37.22,10,0,0,0,0,95,192,48,125,19,25,15,,0,0,0,0
38,2,154.9,133.811,55.74,7,1,1,0,1,164,222,61,128,33,7,8,0,0,0,0,0
59.6,2,157.5,106.913,43.11,30,1,1,1,0,107,163,47,95,21,17,14,1,0,0,1,0
55.9,2,162.6,112.946,42.74,26,1,1,1,0,149,186,42,114,30,21,21,1,0,0,1,0
31.1,2,172.7,161.843,54.25,14,0,0,1,0,97,129,54,56,19,19,22,5,1,1,1,0
57.5,2,168.9,128.822,45.15,33,1,0,0,0,108,123,44,57,22,38,34,3,2,1,1,0
39.6,1,182.9,182.9,43.13,20,1,1,1,1,207,207,38,128,41,25,52,3,0,1,1,0
43,1,184.2,179,52.75623319,20,0,1,1,1,81,216,35,165,16,30,34,5,1,1,1,0
41.9,2,160,97.614,38.12,4,0,0,0,1,129,218,71,121,26,25,30,0,0,0,0,0
41.3,1,193,150.594,40.41,24,1,1,1,0,72,135,35,86,14,24,25,,0,1,0.5,
37.7,2,172.7,151.819,50.89,20,0,1,1,1,204,202,65,96,41,27,29,1,0,1,1,0
40.1,2,172.7,118.389,39.68,11,0,0,0,1,91,211,46,147,18,18,12,1,0,1,1,0
40.4,2,165.1,157.852,57.91,23,0,0,0,1,164,249,50,166,33,19,22,2,0,1,1,0
61.1,2,157.5,136.079,54.87,32,1,1,1,1,117,181,52,106,23,16,19,4,1,0,1,0
40,2,161.3,115.44,44.38,12,0,0,0,0,105,180,49,110,21,19,18,2,0,0,1,0
51.1,2,171.5,91.989,31.29,40,1,1,1,1,171,187,44,109,34,55,70,3,3,1,1,0
45.6,2,160,123.9,48.4,28,0,0,0,1,91,274,78,178,18,19,9,0,0,0,0,0
21.3,2,165.1,140.8,51.65,10,0,0,0,0,141,194,40,126,28,22,29,1,0,0,1,0
52.1,2,154.9,87.771,36.56,35,1,1,1,1,174,221,51,135,35,31,36,3,1,1,1,0
72,2,175.3,110.03,35.80529702,22,1,1,1,1,238,175,38,89,48,49,49,4,2,1,1,0
66.2,2,165.1,155.538,57.06,15,1,1,1,1,126,147,49,73,25,18,10,0,0,0,0,0
35.3,1,175.3,138.347,45.04,18,1,1,1,1,184,315,34,244,37,24,45,0,0,0,0,0
45.6,2,172.7,119.2,39.97,28,1,1,1,1,304,174,43,70,61,18,20,5,3,1,1,0
45,2,172.7,119.2,39.96608248,40,1,1,1,1,304,174,43,70,61,18,20,5,3,1,1,0
37,2,157.5,108.9,43.90022676,27,1,0,0,0,92,141,51,72,18,19,22,0,0,0,0,0
49.2,1,175.3,112.038,36.48,10,1,1,1,1,212,206,33,131,42,27,55,5,1,1,1,0
44.5,1,182.9,180.94,54.1,27,1,1,1,1,167,147,42,72,33,62,82,5,0,1,1,0
42.2,2,165.1,139.39,51.14,25,1,1,1,0,115,163,56,84,23,18,17,2,0,1,1,0
63.5,2,162.6,107,40.49,39,1,1,1,1,47,188,68,111,9,21,41,0,0,0,0,0
51.2,2,160,116.121,45.35,17,1,1,1,0,48,169,57,102,10,23,21,1,0,1,1,0
60.1,2,161.3,128.504,49.4,30,0,0,1,1,81,220,62,142,16,25,16,0,0,0,0,0
37.2,2,167.6,117.028,41.64,13,0,0,0,0,141,167,67,72,28,12,10,0,0,0,0,0
57,2,162.6,118.66,44.88107612,50,1,1,1,1,204,149,45,63,41,28,31,3,1,1,1,0
44.5,2,158.1,116.257,46.5,30,1,1,1,0,136,167,49,91,27,32,32,,0,1,0,0
36.5,1,185.4,129.956,37.8,12,1,1,1,1,187,182,31,114,37,37,40,4,3,1,1,0
61.6,2,152.4,89.041,38.34,17,1,1,1,0,81,165,80,69,16,27,18,,0,0,0,0
61.8,2,157.5,108.41,43.71,41,1,1,1,1,523,302,49,,,23,27,4,0,1,1,0
47.2,2,162.6,121,45.79,30,1,1,1,1,281,162,44,62,56,37,37,3,0,1,1,0
35.3,2,154.9,101.107,42.12,20,1,1,0,1,199,275,57,178,40,17,20,1,0,0,1,0
57,2,165.1,127.6,46.81192794,8,0,1,1,1,252,211,37,124,50,16,10,1,0,1,1,0
47.7,1,177.8,122.471,38.74,23,1,1,1,1,79,109,30,63,16,55,70,1,1,1,1,0
36.9,2,162.6,146.421,55.41,20,1,1,1,1,232,326,46,234,46,14,10,1,0,0,1,0
45.7,1,162.6,129.91,49.16,35,0,1,0,1,153,159,41,87,31,22,20,3,0,1,1,0
37.2,2,154.9,106.505,44.36,20,1,1,1,0,43,140,44,87,9,14,14,4,0,0,1,0
59.2,1,181,121.75,37.17,35,1,1,1,0,143,115,37,49,29,23,35,0,0,1,0,0
30,2,157.5,130.046,52.44,18,0,0,0,0,67,111,34,64,13,17,15,1,0,0,1,0
51.7,1,168.9,129.547,45.41,30,0,1,0,1,183,207,37,133,37,20,22,2,0,1,1,0
49.3,2,160,91.899,35.89,,1,1,0,1,162,210,59,119,32,29,21,0,0,0,0,0
55.5,2,149.9,79.379,35.35,6,1,1,1,1,97,129,28,82,19,19,11,1,0,0,1,0
63.2,1,167.6,156.945,55.85,40,1,1,1,1,332,207,38,103,66,21,20,4,1,0,1,0
45.4,2,161,102.15,39.41,16,0,0,0,1,151,194,48,116,30,25,22,,0,1,0.5,
53,2,160,114.5088,44.73,10,0,0,0,1,149,240,66,144,30,31,34,1,0,1,1,0
41.1,2,160,117.845,46.02,30,1,1,1,0,144,193,46,118,29,44,45,3,0,1,1,0
50.5,2,170.2,131.135,45.28,11,1,0,0,0,99,153,52,81,20,18,18,0,0,0.5,0,0
33.8,2,162.6,155.72,58.93,20,0,0,0,1,113,204,64,117,23,47,56,0,0,0,0,0
60.6,1,172.7,150.685,50.51,43,0,1,0,1,213,205,35,127,43,22,18,0,0,1,0,0
53.1,2,162.6,91.763,34.72,14,1,1,1,0,139,189,66,95,28,18,11,0,0,0,0,0
41.5,2,165.1,122.199,44.83,17,1,1,1,1,151,209,51,128,30,22,26,4,3,1,1,0
25.9,2,175.3,165.019,53.72,14,0,0,0,0,80,153,53,84,16,27,18,0,0,0,0,0
47.3,2,168.9,133.04,46.64,18,0,1,1,1,206,247,52,154,41,25,24,0,0,0,0,0
52,2,168.9,150.413,52.72,35,1,1,1,1,88,249,57,174,18,19,12,1,0,1,1,0
39,2,170.2,146.6,50.60749709,10,1,1,1,1,356,200,28,101,71,31,34,6,1,0,1,0
47.6,1,175.3,122.607,39.92,18,1,1,1,1,201,161,43,78,40,25,31,3,1,1,1,0
61.8,2,157.5,129.048,52.04,40,0,1,1,1,289,280,51,171,58,19,10,1,0,,1,0
61,1,182.9,125.193,37.43,16,1,1,1,1,189,193,42,113,38,26,24,0,0,0,0,0
34.4,1,172.7,155.584,52.15,17,0,0,1,0,95,186,58,109,19,33,62,3,0,0,1,0
33.6,2,162.6,106.142,40.17,9,0,0,0,0,114,172,36,113,23,43,51,2,1,1,1,0
62.2,2,163.2,146.376,54.96,40,1,1,1,1,222,199,51,104,44,13,9,2,0,1,1,0
50.1,2,165.1,146.058,53.58,21,1,1,1,1,412,201,30,,,21,22,1,3,1,1,0
19,2,165.1,114,41.82256885,10,0,0,0,1,94,219,73,127,19,40,26,1,0,1,1,0
41.1,2,157.5,106.459,42.93,17,0,1,0,1,191,226,47,141,38,20,16,1,0,1,1,0
34.8,2,160,112.492,43.93,17,0,0,0,1,87,202,41,144,17,17,18,1,0,1,1,0
67.5,2,162.6,123.288,46.65,33,1,1,1,1,192,132,40,54,38,29,38,1,0,1,1,0
38.5,2,177.8,142.611,45.11,21,1,1,1,1,191,171,53,80,38,21,16,1,0,1,1,0
65.2,2,177.8,121.292,38.37,6,1,1,1,1,209,209,52,115,42,23,4,0,0,0,0,0
44.2,1,172.7,123.651,41.45,5,1,1,1,1,63,157,28,116,13,26,36,4,1,1,1,0
52,2,160,144,56.25,35,1,1,1,1,194,202,49,114,39,20,13,2,0,1,1,0
60,2,157.5,117.482,47.37,15,1,1,1,1,187,239,41,161,37,28,28,3,1,1,1,0
58.6,2,158.2,137.032,54.72,33,1,1,1,1,151,165,40,95,30,35,40,,0,1,1,0
36.5,1,185.4,135.58,39.43,19,0,1,1,1,289,187,29,100,58,23,42,3,1,0,1,0
33,2,171,120.9,41.3460552,10,1,1,0,1,140,205,47,130,28,15,20,5,1,1,1,0
69.5,1,170.2,126.5,43.7,,1,1,1,1,,,,,,18,17,1,0,,1,0
45,1,174.6,171.2,56.15847186,20,1,1,1,0,95,163,43,101,19,15,12,2,0,1,1,0
31,2,175.3,131.09,42.66,13,0,1,1,0,71,131,37,80,14,20,14,0,0,0,0,0
69,2,170.2,132.677,45.81,44,0,0,1,0,91,175,57,100,18,22,28,1,0,1,1,0
56.2,2,175.3,150.866,49.12,39,1,0,0,1,109,244,54,168,22,23,18,1,1,1,1,0
54.9,2,162.6,106.595,40.34,20,1,1,0,1,104,135,41,73,21,21,20,1,1,1,1,0
54.4,1,188,148.734,42.1,20,1,1,0,1,336,219,44,108,67,19,26,,0,1,0,0
50.9,2,172.7,112.492,37.71,26,1,1,0,1,84,189,62,110,17,16,17,1,0,1,1,0
49.2,1,182.9,140.161,41.91,40,0,1,1,0,104,161,39,101,21,39,28,,0,0,0,1
45.2,2,157.5,125.51,50.61,15,0,0,1,0,116,197,49,125,23,21,20,2,0,1,1,0
36,2,172.7,195.863,65.65,25,0,0,1,0,115,163,46,94,23,15,10,1,0,1,1,0
56,1,175.3,117.391,38.22,22,1,1,1,0,57,138,67,60,11,23,22,0,0,0,0,0
49.2,1,182.9,180.849,54.07,35,1,1,1,1,138,267,59,180,28,23,40,2,0,1,1,0
46.8,2,162.6,98.884,37.42,7,1,1,1,1,68,23,43,173,14,15,15,0,0,1,0,0
33.4,2,170.8,164.202,56.28,9,1,1,1,1,86,182,50,115,17,17,22,1,0,0,1,0
44.4,2,162.6,199.356,75.44,40,1,1,0,1,194,196,36,121,39,46,41,4,1,1,1,0
52.2,2,165.1,120.748,44.3,35,1,0,0,1,67,159,52,94,13,43,38,5,3,1,1,0
44.2,2,154.9,101.606,42.32,15,0,0,1,0,101,167,52,95,20,35,30,2,0,1,1,0
33.7,2,161.3,109.272,42,14,1,1,1,1,219,200,42,114,44,43,31,2,0,0,1,0
37,2,158.5,101,40.20340535,10,0,1,1,0,106,114,35,58,21,46,35,1,0,,1,0
43.1,1,177.8,104.327,33,6,1,1,1,1,126,176,39,112,25,18,29,1,0,1,1,0
17.3,1,182.9,173.002,51.73,8,0,1,0,1,269,166,23,89,54,16,20,1,0,0,1,0
38,2,160,135.353,52.86,30,0,0,0,0,76,169,55,99,15,19,18,0,0,0,0,0
38.6,1,177.8,167.4,52.95,14,1,1,1,1,120,213,42,147,24,14,17,1,0,1,1,0
45.7,2,167.6,106.731,37.98,6,1,1,1,1,254,209,44,114,51,39,27,1,0,1,1,0
31.6,2,170.8,143.881,49.31,20,1,1,0,1,490,284,42,,,73,93,7,3,1,1,0
22.5,2,158.8,120.43,47.79,5,0,0,0,0,70,169,44,111,14,14,10,1,0,1,1,0
56.5,2,163.8,133.72,49.82,7,1,1,1,1,155,266,67,168,31,42,44,3,1,1,1,0
47.9,2,162.6,84.823,32.1,18,1,0,0,1,127,207,60,122,25,23,53,1,0,1,1,0
55,2,168.9,107.3,37.61321209,15,0,1,1,1,193,206,41,126,39,30,25,2,0,0,1,0
45.5,1,190.5,147.419,40.62,21,1,1,,1,415,140,23,,,30,36,3,2,1,1,0
41.8,1,185,116,33.9,15,1,1,1,0,82,139,50,73,16,35,48,6,1,1,1,0
35.4,2,165.1,116.574,42.77,18,1,1,0,1,113,108,32,53,23,14,16,2,0,1,1,0
41.9,2,154.9,106.414,44.33,17,0,1,0,1,241,185,42,95,48,22,20,2,0,1,1,0
35.1,1,177.8,165.926,52.49,18,0,0,0,0,83,172,41,114,17,18,19,0,0,0,0,0
30.3,2,160,105,41.02,13,0,0,0,0,62,180,58,110,12,18,24,0,0,0,0,0
37.3,1,185.4,156.491,45.52,20,1,1,1,1,157,171,44,96,31,33,39,6,4,1,1,0
33.4,2,170.2,190.375,65.73,24,0,0,1,0,100,186,63,103,20,18,19,1,0,1,1,0
33.8,2,154.3,100.245,42.1,6,1,1,1,0,96,162,78,65,19,17,15,1,0,1,1,0
21.8,2,165.1,141.341,51.85,12,0,0,0,0,64,143,80,50,13,35,27,0,0,0,0,0
34.6,2,162.6,139.708,52.87,20,0,0,0,1,114,201,50,128,23,24,24,2,0,1,1,0
34.4,2,165.1,126.1,46.26,17,1,1,1,0,73,191,51,125,15,15,16,1,0,1,1,0
58.3,1,180.3,134.038,41.21,,1,1,1,1,571,210,25,,,73,74,5,3,1,1,0
28.3,2,165.1,98.521,36.14,10,0,0,0,1,126,196,37,134,25,12,17,0,0,0,0,0
59.2,2,157.5,120.385,48.54,40,1,1,1,1,124,202,52,125,25,22,10,0,0,1,0,0
24.7,2,161.3,119.069,45.77,15,1,1,0,1,416,188,33,,,30,23,3,0,1,1,0
56,2,157.5,96.934,39.09,12,1,1,1,0,111,105,34,49,23,17,34,0,0,0,0,0
25.9,2,175.3,151.728,49.4,10,0,0,0,0,41,127,55,64,8,16,11,0,0,1,0,0
47.7,1,195.6,220.902,57.75,30,1,1,1,1,68,134,37,83,14,8,9,0,0,1,0,0
57.1,1,177.8,146.693,46.4,28,1,1,1,1,50,123,53,60,10,33,30,0,0,1,0,0
56.7,2,154.9,127.778,41.88,26,0,0,1,1,99,215,75,120,20,17,14,0,0,1,0,0
40.9,1,170.2,131.18,45.29,16,1,1,0,1,145,157,31,97,29,26,42,4,1,1,1,0
36.2,2,161.3,121.882,46.85,24,0,1,1,1,182,181,36,109,36,15,15,2,0,1,1,0
70.5,2,162.6,110.088,41.66,11,1,1,1,1,168,113,37,42,34,26,38,4,1,1,1,0
53,2,168.3,110,38.83510227,15,1,1,1,1,118,184,63,97,24,25,47,,0,0,0,1
43.1,2,157.5,114.08,46,4,1,1,1,0,115,174,43,108,23,14,16,0,0,0,0,0
43.1,2,161.9,108.001,41.92,21,1,0,0,1,108,248,66,160,22,52,60,0,0,1,1,0
54.2,2,163.2,111.948,42.03,30,0,0,1,1,120,215,71,120,24,19,14,3,0,1,1,0
29.1,2,165.7,126.826,46.17,10,1,1,0,1,,,,,,17,22,3,0,1,1,0
30.6,2,170.2,145.605,50.28,13,0,0,1,0,51,146,60,76,10,12,26,0,0,1,1,0
33.9,2,168.9,175.315,61.45,20,0,0,1,0,91,144,42,84,18,19,44,1,0,1,1,0
48.5,2,149.9,191.74,85.37,40,0,1,1,1,200,254,48,166,40,35,26,3,2,1,1,0
51,1,177.8,134,42.38783988,,1,1,1,1,121,165,51,90,24,24,25,2,0,1,1,0
60.5,1,190.5,171.414,47.23,32,1,1,1,1,170,153,38,81,34,36,26,2,0,1,1,0
62.3,1,167.6,126.417,44.98,45,0,1,1,1,204,201,46,114,41,41,54,4,1,1,1,0
48,2,157.5,114.397,46.13,15,1,1,0,0,144,175,56,90,29,13,17,0,0,0,0,0
37.7,2,173.4,127.415,42.4,8,1,1,1,1,594,165,31,,,23,18,1,0,1,1,0
50.5,1,188,191.282,54.14,35,1,1,1,1,286,189,27,105,57,39,38,5,2,1,1,0
56.3,1,175.3,129.729,42.23,32,1,1,1,1,180,197,32,129,36,27,41,2,2,1,1,0
51.6,2,172.7,139.98,46.92,27,0,1,1,1,194,209,47,123,39,19,14,1,0,1,1,0
46.9,2,167.6,171.686,61.09,35,0,1,1,0,106,156,33,102,21,31,25,2,0,1,1,0
51,2,170.2,137.803,47.58,30,1,1,1,1,151,170,44,96,30,18,13,0,0,1,0,0
62.1,1,177.8,159.258,50.38,33,0,0,1,1,210,233,44,147,42,27,32,2,0,1,1,0
55,2,165.1,99.338,36.44,6,0,1,1,1,222,181,50,87,44,18,19,1,0,1,1,0
59.4,2,165.1,115,42.19,10,1,1,1,1,163,194,50,111,33,49,54,4,2,1,1,0
54.1,1,185.4,135.081,39.29,10,1,1,1,1,167,178,37,108,33,48,50,5,1,1,1,0
29.5,2,168.3,151.547,53.52,15,0,0,0,0,148,147,45,72,30,20,16,1,0,1,1,0
43,2,165.1,116.574,42.77,9,1,1,0,1,261,163,29,82,52,22,21,0,0,0,0,0
43.5,2,167.6,110.678,39.38,14,0,0,0,0,129,176,43,107,26,17,10,1,0,0,1,0
36.4,1,177.8,138.075,43.68,12,0,1,0,1,273,204,39,110,55,30,41,2,0,1,1,0
61.5,2,160,127.098,49.65,35,1,1,1,1,201,221,38,143,40,50,33,0,3,1,0,0
61,1,181.6,136.7,41.45117313,20,1,0,0,1,106,182,51,110,21,15,23,2,0,1,1,0
37.8,2,157.5,128.05,51.63,13,1,0,0,0,94,149,50,80,19,29,30,1,0,1,1,0
28.9,1,177.8,148.644,47.02,11,0,0,1,0,44,131,55,67,9,54,52,0,0,1,0,0
32.8,2,154.9,111.177,46.31,8,1,1,1,1,276,224,37,132,55,22,22,3,0,1,1,0
25.3,2,177.8,125.329,39.64,7,0,0,0,0,82,143,51,76,16,18,10,1,0,1,1,0
53.1,2,147.3,123,56.67,29,0,0,0,1,139,200,52,120,28,31,50,,0,1,0.5,
44.1,2,165.1,120.385,44.16,15,0,0,0,0,,,,,,21,18,2,0,1,1,0
32.8,1,180.3,148.054,45.52,15,0,0,0,0,122,185,38,123,24,31,28,6,1,1,1,0
54.7,1,165.1,148.236,54.38,30,1,1,0,1,165,201,38,130,33,16,42,2,0,1,1,0
53.7,2,149.9,102.513,45.65,24,1,0,0,0,86,157,45,95,17,47,49,6,4,1,1,0
55.4,2,165.1,100.699,36.94,2,1,1,1,1,267,204,55,96,53,50,58,2,0,1,1,0
36.3,2,170.2,160.12,55.29,30,1,1,1,1,,,,,,22,18,0,0,1,0,0
57.6,2,167,122.063,43.76,20,1,1,1,0,127,176,52,99,25,25,19,5,0,1,1,0
28.4,2,167.6,147.918,52.63,14,0,0,0,0,103,156,54,81,21,16,14,1,0,1,1,0
34.2,2,165.1,119.75,43.93,20,0,0,0,0,114,152,46,83,23,11,8,0,0,0,0,0
48.6,2,165.1,155.402,57.01,33,1,1,1,1,,,,,,,,4,2,1,1,0
50.3,2,170.2,112.492,38.84,26,1,1,1,1,275,189,38,96,55,19,29,,0,1,0.5,
28.3,2,170.2,161.934,55.91,9,0,0,0,0,,,,,,21,14,0,0,0,0,0
39.9,1,193,176.994,48.74,30,0,1,0,1,176,138,41,62,35,47,73,2,0,1,1,0
37.7,2,172.7,126.236,42.31,13,0,0,0,0,62,154,72,70,12,20,19,1,0,0,1,0
39.8,2,164.5,146,53.96,22,1,1,0,1,,,,,,18,18,1,0,1,1,0
28.2,2,163,116.39,43.81,12,0,0,0,0,57,100,33,56,11,17,10,0,0,0,0,0
28,2,160,116.1,45.3515625,15,0,0,0,0,57,100,33,56,11,17,10,0,0,0,0,0
46,1,180.3,250.386,76.99,35,0,1,1,0,85,154,34,103,17,28,19,,0,0,0,1
44.3,2,180.3,144.425,44.41,30,0,1,1,1,163,204,56,115,33,16,11,2,0,1,1,0
60.7,1,175.3,113.853,37.07,31,1,1,1,1,184,196,54,105,37,15,14,4,1,1,1,0
43.1,2,160.7,132.904,51.49,20,0,0,0,0,108,160,46,92,22,19,20,2,0,1,1,0
58,2,160,136.5,53.3203125,30,1,1,1,1,102,189,58,111,20,53,54,3,3,1,1,0
39.9,2,162.6,110.587,41.85,22,0,0,0,0,,,,,,,,0,0,0,0,0
34.7,2,165.1,121.564,44.6,22,1,0,0,1,128,229,56,147,26,23,29,1,0,,1,0
48.5,1,175,128,41.8,9,1,1,1,1,1899,483,34,,,41,35,6,3,1,1,0
31.5,1,170.2,166.697,57.56,22,1,1,0,1,101,247,40,187,20,23,39,6,2,1,1,0
55.2,2,165.1,112.447,41.25,21,0,1,1,1,109,137,47,68,22,28,23,1,0,0,1,0
43.6,2,167.6,131.997,46.97,30,1,1,1,0,,,,,,16,15,2,0,1,1,0
38,2,171.5,194.3,66.06091,25,1,1,1,1,,,,,,,,,0,,0,1
35,2,170.2,138.5,47.81131205,20,0,0,0,0,95,150,41,90,19,17,19,0,0,1,0,0
52.3,2,154.9,159.893,66.6,33,0,1,1,1,210,203,46,115,42,19,31,2,0,1,1,0
38.8,2,163.2,120.974,45.42,22,0,0,0,0,74,149,51,83,15,38,14,0,0,1,0,0
44,1,179,118.2,36.89,15,1,1,1,0,126,147,38,84,25,28,39,2,1,1,1,0
57.1,2,157.5,160.029,64.53,30,1,1,1,1,119,202,60,118,24,19,23,2,1,1,1,0
55,1,169,170,59.52172543,35,1,1,1,1,301,211,30,121,60,44,34,3,3,1,1,0
54,1,179.5,157,48.72712037,45,0,1,1,1,168,202,46,122,34,26,30,5,1,,1,0
33.3,2,172.7,110.179,36.93,4,0,0,1,1,135,210,74,109,27,21,16,0,0,0,0,0
65.7,1,175.3,126.962,41.33,,0,1,1,1,136,154,39,88,27,23,18,3,1,1,1,0
45.1,2,163.2,96.163,36.11,,1,1,1,1,257,221,52,118,51,14,10,0,0,0,0,0
48.1,2,162.6,123.651,46.79,20,1,1,1,1,86,213,69,127,17,18,17,0,0,0,0,0
47.3,2,172.7,143.7,48.17,23,1,1,1,0,89,185,66,101,18,21,12,0,0,1,0,0
46.1,2,165.1,96.253,35.31,17,1,1,1,1,277,191,47,89,55,17,14,1,0,1,1,0
34,2,158.1,97.1,38.8468215,25,1,1,0,1,151,177,42,105,30,62,82,4,3,1,1,0
43,1,166.4,126.916,47.21,34,1,1,1,1,,,,,,42,64,2,0,1,1,0
17.7,2,174,138.801,45.85,10,0,0,0,0,,,,,,22,14,0,0,1,0,0
61.6,1,177.8,106.822,33.79,20,1,1,1,1,415,162,47,,,18,20,0,0,1,0,0
29.2,2,172.7,108.092,36.23,15,1,1,0,1,191,190,30,122,38,31,32,4,2,1,1,0
49.9,2,161.3,146.149,56.1,35,1,1,0,1,335,220,39,114,67,24,24,1,0,1,1,0
46,1,185.4,176.948,51.47,17,1,1,1,1,276,199,33,111,55,49,58,5,1,1,1,0
65.8,2,160,110.678,43.22,16,1,1,1,1,437,190,42,,,18,23,4,2,1,1,0
33.1,2,152.4,103.738,44.66,16,0,0,0,0,111,153,40,91,22,21,17,1,0,1,1,0
32.1,2,162.6,179.171,67.8,17,0,0,1,0,,,,,,26,23,2,0,,1,0
43,2,158.8,96.3,38.18785729,7,1,1,1,1,127,241,42,174,25,42,70,2,0,,1,0
26.5,2,167.6,143.473,51.05,10,0,0,0,0,128,187,41,120,26,24,14,0,0,0,0,0
51.7,2,165.1,95.845,35.16,7,0,1,1,1,150,180,6,84,30,18,22,0,0,1,0,0
42.4,1,180.3,126.599,38.93,25,1,1,1,1,274,221,42,124,55,24,32,1,0,1,1,0
39,2,150.5,96.8,42.73683513,20,1,1,1,0,,,,,,,,2,1,0,1,0
39.3,2,172.7,94.711,31.75,30,1,1,0,1,783,281,37,,,62,38,6,1,1,1,0
29,2,164.5,159.575,58.99,20,0,0,0,0,140,179,49,102,28,15,15,0,0,0,0,0
52.9,2,166.4,129.547,46.8,13,1,1,1,1,307,236,41,134,61,40,50,1,0,1,1,0
47.1,2,147.3,96.435,44.43,18,0,0,1,0,,,,,,18,16,1,0,1,1,0
44.5,2,180.3,130.137,40.01,6,0,0,0,1,477,238,42,,,20,28,3,0,1,1,0
47.1,2,175.3,165.058,53.92,20,1,1,1,1,155,139,44,64,31,32,42,1,0,0,1,0
56,1,185.4,149,43.34777483,20,0,0,1,0,54,168,51,106,11,19,18,0,0,,0,0
62.6,2,167.6,167.196,59.49,40,0,1,1,1,106,218,44,153,21,26,24,0,0,0,0,0
34.1,2,165.1,130.817,47.99,10,1,1,0,1,213,223,55,125,43,17,12,1,0,1,1,0
29.3,2,177.8,146.466,46.33,9,1,1,1,1,104,185,33,131,21,23,22,0,0,1,0,0
67.8,2,157.5,125.193,51.5,60,1,1,1,1,122,136,47,65,24,15,12,2,0,1,1,0
50.3,1,177.8,172.639,54.61,25,1,1,1,1,168,236,41,161,34,16,22,2,1,1,1,0
20.6,2,177.8,140.161,44.34,3,0,0,0,0,73,124,44,65,15,15,16,0,0,1,0,0
56.3,2,162.6,104.463,39.53,22,0,0,1,0,77,169,45,109,15,33,42,1,0,1,1,0
50.9,2,158,117.482,47.07,33,0,1,1,1,166,278,53,192,33,40,44,1,1,1,1,0
37.1,2,172.7,109.498,36.7,8,0,0,0,1,108,222,47,153,22,17,18,1,0,1,1,0
53.3,1,171.7,153.316,52,37,1,1,1,0,,,,,,25,17,0,0,0,0,0
29.4,2,170.2,122.562,42.32,15,0,0,0,0,61,157,57,88,12,18,17,0,0,1,0,0
69.3,1,172.7,119.75,40.14,20,1,1,1,1,216,184,47,94,43,29,26,5,0,1,1,0
31,2,170,141,48.78892734,15,0,1,1,1,177,151,41,75,35,16,12,0,0,,0,0
36.8,2,157.5,128.685,51.89,25,1,1,1,1,142,203,44,131,28,13,12,0,0,1,0,0
46,2,157.5,173.728,70.05,45,0,0,1,0,95,165,62,84,19,14,12,0,0,0,0,0
27.1,2,167.6,187.744,66.8,15,0,0,0,0,57,145,62,72,11,16,22,1,0,0,1,0
34.4,2,152.4,112.038,48.24,10,1,1,1,1,183,220,56,127,37,19,19,0,0,1,0,0
43,1,174,162.4,53.63984674,23,1,1,1,1,94,192,38,135,19,28,25,4,2,1,1,0
40.5,2,154.9,94.62,39.41,11,1,1,0,0,140,195,42,125,28,32,40,2,0,0,1,0
38.1,2,157.5,124.785,50.32,20,0,0,0,1,153,308,54,223,31,17,14,1,0,0,1,0
29.6,2,165.1,136.306,50.01,16,0,1,0,1,153,167,41,95,31,21,27,3,1,1,1,0
36.4,1,200.7,198.812,49.38,12,0,1,1,1,154,195,37,127,31,26,48,1,0,1,1,0
66.9,2,157,105,42.6,17,1,1,1,1,87,227,62,148,17,17,14,0,0,0,0,0
37.3,2,170.2,142.747,49.29,25,1,1,1,1,836,166,35,,,103,45,5,2,1,1,0
38.1,2,165.1,107.23,39.34,21,0,1,1,0,85,173,52,104,17,23,20,1,0,1,1,0
27.2,2,167.6,200.308,71.28,22,1,1,1,1,139,204,45,131,28,19,10,1,0,0,1,0
26.7,1,177.8,334.845,105.92,25,0,0,0,0,96,104,25,60,19,17,14,0,0,0,0,0
46.4,2,162.6,184.296,69.74,30,1,1,1,1,384,185,33,75,77,25,25,3,0,0,1,0
48.8,2,160,138.982,54.28,30,1,1,1,1,218,271,58,169,44,28,31,3,0,1,1,0
45.4,2,163.2,107.004,40.18,11,0,1,1,0,,,,,,61,82,5,3,1,1,0
45,2,157.5,111.721,45.05,30,1,1,1,1,152,179,43,106,30,22,14,0,0,0,0,0
38.7,2,170.2,207.022,71.48,35,1,0,0,0,128,182,63,93,26,23,23,2,0,1,1,0
59.3,2,162.6,138.529,52.42,18,0,0,0,0,,,,,,40,35,3,0,1,1,0
45,2,166.4,125.5,45.32492372,40,1,1,1,1,,,,,,18,18,1,0,,1,0
51,1,175.3,131.77,42.9,21,0,1,1,1,149,223,39,154,30,35,37,4,2,1,1,0
41,2,154.3,129,54.1823526,35,0,0,0,1,238,142,58,36,48,14,12,1,0,1,1,0
29.3,2,167.6,216.003,76.86,25,1,1,1,0,118,139,34,81,24,16,27,4,2,1,1,0
28.8,2,162.6,130.182,49.26,11,1,1,1,1,141,222,42,152,28,47,72,3,0,1,1,0
49,2,167,118,42.3105884,20,0,0,1,0,105,132,47,64,21,17,11,2,0,1,1,0
43.5,2,172.7,186.927,62.66,27,1,1,1,1,117,185,57,105,23,16,13,6,1,1,1,0
38.1,1,182.9,174.952,52.31,30,1,1,1,0,136,173,44,102,27,52,71,2,0,1,1,0
40.4,2,162.6,153.996,58.27,30,1,0,0,0,84,181,47,117,17,12,15,2,0,1,1,0
40,2,162.6,154,58.24781495,30,1,1,0,0,84,181,47,117,17,12,15,2,0,1,1,0
37.1,1,167.6,167.196,59.49,20,0,0,0,0,130,157,48,83,26,16,17,7,2,1,1,0
37.8,2,157,78.245,31.74,2,1,1,1,1,175,192,39,118,35,16,24,1,0,1,1,0
54.8,2,157.5,113.218,45.65,20,0,0,1,1,95,233,68,146,19,24,15,,0,1,0,0
56.4,2,166.4,140.434,50.74,42,1,1,1,1,,,,,,21,28,4,0,1,1,0
40.3,2,175.3,149.324,48.61,21,0,0,0,0,91,173,56,99,18,19,8,0,0,0,0,0
21,1,176.5,198.403,63.67,15,0,0,0,0,122,170,32,114,24,41,79,5,0,1,1,0
65.1,2,167.6,96.707,34.41,36,1,1,0,1,326,148,40,43,65,21,30,2,1,1,1,0
71.2,1,180.3,117.119,36.01,33,1,1,1,0,181,125,27,62,36,42,34,2,3,1,1,0
57,2,167.6,150.277,53.47,50,0,0,0,0,84,176,55,104,17,12,22,2,0,1,1,0
33.8,2,160,124.24,48.52,17,1,0,0,0,,,,,,22,34,1,0,1,1,0
34.4,2,171.5,125.964,42.85,15,1,0,0,1,132,208,72,110,26,14,12,0,0,0,0,0
50.4,2,165.1,127.189,46.66,26,1,1,1,1,124,201,41,135,25,21,31,5,1,1,1,0
33.1,2,182.9,137.576,41.13,9,1,1,1,0,143,157,34,94,29,24,36,,0,1,0.5,
39.4,2,172.7,129.139,43.29,10,0,0,0,0,,,,,,20,21,3,0,1,1,0
62.2,2,149.9,61.281,27.29,46,1,1,0,0,85,119,45,57,17,34,18,4,3,1,1,0
47,2,167.6,174.86,62.22,35,1,1,1,0,,,,,,32,30,0,0,1,0,0
32.4,1,170.2,104.7,36.15,15,1,1,1,0,133,134,45,62,27,35,73,3,1,1,1,0
28.2,2,165.1,133.221,48.87,11,0,0,0,0,,,,,,20,21,2,0,1,1,0
50.3,2,165.1,106.686,39.14,16,1,1,1,0,178,195,51,108,36,23,26,5,2,1,1,0
24.5,2,170.2,131.044,45.25,7,0,0,1,1,97,244,83,142,19,16,11,0,0,0,0,0
51.8,2,169.5,112.81,39.24,27,0,1,1,1,87,116,17,12,59,16,22,0,0,1,0,0
55.3,2,149.9,112.764,50.21,35,1,1,1,1,135,168,54,87,27,40,25,1,0,1,1,0
47,2,170.2,122.018,42.13,7,0,0,0,0,119,152,51,77,24,17,16,1,0,1,1,0
28.6,1,185.4,136.17,39.61,11,1,0,0,0,69,183,52,117,14,12,10,0,0,0,0,0
28.8,2,165.1,173.818,63.77,15,1,1,1,1,167,146,33,80,33,22,24,6,1,1,1,0
18.2,1,177.8,209.335,66.22,15,0,0,0,1,173,183,47,101,35,20,39,5,1,1,1,0
46.7,2,167.6,124.694,44.37,30,1,1,1,1,100,173,80,73,20,12,13,,0,0,0,0
53.5,2,163.8,184.342,68.68,40,1,1,1,0,128,161,40,95,26,15,22,1,0,1,1,0
44.8,2,157.5,108.41,43.71,15,0,0,0,0,87,183,40,126,17,10,27,0,0,0,0,0
37,1,177.8,208.836,66.06,30,0,0,1,0,93,144,46,79,19,20,10,2,1,1,1,0
54,2,162.6,92.3,34.91086571,15,0,1,1,1,132,142,39,77,26,19,14,1,0,1,1,0
53.7,1,172.7,117.073,39.24,24,1,1,1,1,,,,,,25,34,0,0,1,0,0
32,2,166.4,159.8,57.71253236,23,1,1,1,1,250,175,28,97,50,26,27,2,0,,1,0
64.6,2,165.1,112.81,41.39,20,1,1,1,0,115,140,46,71,23,26,26,4,1,1,1,0
37.6,2,172.7,119.115,39.93,20,0,0,0,0,74,155,47,93,15,20,10,0,0,0,0,0
30.8,1,167.6,128.368,45.68,16,1,1,1,1,165,182,38,111,33,62,112,3,1,0.5,1,0
45.8,1,177.8,150.005,47.45,11,1,1,0,1,87,200,43,140,17,20,29,5,0,1,1,0
69.9,1,180.3,132.677,40.8,52,1,1,1,0,65,77,42,22,13,24,18,2,0,1,1,0
35.6,2,170.2,123.288,42.57,18,0,0,0,1,124,246,63,158,25,16,12,0,0,0,0,0
56.9,1,170.2,157.716,54.46,47,1,1,1,1,150,216,44,142,30,21,14,0,0,0,0,0
51.9,1,185.4,154.132,44.83,22,1,1,1,1,118,160,47,89,24,48,46,3,2,1,1,0
30.1,2,167.6,131.543,46.81,6,1,0,0,1,98,200,52,128,20,17,19,1,0,1,1,0
44,2,162.6,212,80.1853037,20,1,1,0,0,101,132,35,77,20,22,20,4,3,1,1,0
30.4,2,165.1,142.928,52.43,16,1,1,1,0,115,164,45,96,23,21,28,4,1,1,1,0
32.6,2,165.1,127.098,46.63,25,1,1,1,1,128,203,56,121,26,69,99,5,3,1,1,0
51,2,170.2,162.4,56.06178395,45,1,1,1,1,114,220,45,152,23,22,23,3,1,1,1,0
33,1,180.3,152.3,46.84987645,13,0,0,0,0,88,152,63,71,18,17,18,2,0,1,1,0
37,2,160,141.9,55.4296875,17,1,1,1,1,181,169,34,99,36,13,14,2,0,,1,0
33.7,2,174,144.4,47.71,10,0,0,0,0,129,179,39,114,26,36,39,0,0,0,0,0
59.6,2,157.5,108.591,43.79,35,1,1,1,1,58,179,62,105,12,29,38,2,2,1,1,0
54.3,2,170.2,121.927,42.1,25,1,1,1,1,100,119,41,58,20,17,21,0,0,0,1,0
37.7,2,167.6,141.386,50.31,13,1,0,0,0,100,117,42,55,20,39,47,1,0,,1,0
60.9,2,160,125.601,49.05,40,1,1,1,0,,,,,,24,24,2,0,1,1,0
42.1,1,177,138.665,44.26,13,0,1,1,0,124,156,35,96,25,29,42,2,0,1,1,0
53.8,1,182.9,134.129,40.1,24,1,1,1,1,132,166,45,95,26,30,27,0,0,0,0,0
53.5,1,180.3,153.679,47.25,35,1,1,1,1,295,164,27,78,59,28,27,5,0,1,1,0
45.9,2,166.4,140.388,50.72,32,1,1,1,1,201,161,33,88,40,18,25,1,0,1,1,0
47.6,1,190.5,202.44,55.78,40,1,1,1,1,125,164,31,108,25,14,18,4,1,1,1,0
42,1,188,146,41.30828429,10,1,1,0,1,341,197,28,101,68,29,37,4,2,1,1,0
30,2,170.2,129.3,44.63539818,15,,,,,,,,,,,,,0,0,0.5,0
44,2,172,127,42.92861006,20,0,1,1,1,199,198,40,118,40,24,30,3,1,1,1,0
67,2,160,105,41.015625,40,1,1,0,1,553,348,34,,,23,32,5,1,1,1,0
45,2,160,94,36.71875,25,1,0,0,1,146,239,54,156,29,15,9,0,0,1,0,0
33,2,172.7,135.172,45.31,15,1,1,0,1,153,227,43,153,31,17,19,2,0,1,1,0
61,1,180.3,152.5,46.91139959,30,1,1,1,0,80,153,38,99,16,36,29,3,1,1,1,0
66.4,2,157.5,100.562,40.55,20,1,1,1,1,74,200,56,129,15,24,18,0,0,0,0,0
52,1,180.3,174,53.5251379,30,1,1,1,1,111,135,36,77,22,21,29,5,3,1,1,0
55.1,1,172.7,101.515,34.04,40,1,1,1,1,104,112,43,48,21,21,18,0,0,0,0,0
54,1,169.5,192.1,66.8633235,30,1,1,1,1,,,,,,19,14,3,1,,1,0
55,2,161.3,105.7,40.62620471,35,0,0,0,1,,,,,,20,14,2,0,,1,0
38,2,170,148.2,51.28027682,20,0,0,0,0,115,182,51,108,23,18,15,2,0,1,1,0
60,2,160,117,45.703125,47,1,1,1,1,138,131,43,60,28,17,19,5,3,,1,0
68,1,174,146,48.22301493,20,,,,,,,,,,,,,0,1,0.5,0
25,2,174,122,40.29594398,10,0,1,0,1,219,172,36,92,44,16,16,1,0,0,1,0
65,2,166.4,111.8,40.37710337,25,1,1,1,1,,,,,,28,26,4,0,,1,0
53,2,160,140,54.6875,25,1,1,1,1,127,206,38,143,25,29,56,2,1,,1,0
45,1,186.7,136,39.01667647,15,0,0,1,1,78,164,65,83,16,30,47,1,0,1,1,0
46,2,165.1,121.655,44.63,21,1,1,1,1,193,280,68,173,39,34,34,0,0,0,0,0
40,2,154.9,107.956,44.97,15,0,0,0,1,56,217,53,153,11,27,19,0,0,0,0,0
37.6,2,167.6,141.069,50.2,20,0,0,0,0,45,153,64,80,9,14,14,0,0,1,0,0
29,2,165,146,53.6271809,9,0,0,0,0,59,134,44,78,12,17,11,0,0,1,0,0
